timestamps:
  login: 1550937579994
  logout: 1550937571477
  lastteleport: 1550938277228
logoutlocation:
  world: world
  x: 241.59450085664932
  y: 107.0
  z: -182.50584060169697
  yaw: 89.54983
  pitch: -1.349941
lastlocation:
  world: pubg
  x: 1000009.4604945576
  y: 50.7531999805212
  z: 99.84957446766055
  yaw: -271.65048
  pitch: 17.10007
money: '25'
ip-address: 127.0.0.1
last-account-name: UzumakiYT
