timestamps:
  login: 1550937686738
lastlocation:
  world: pubg
  x: 771.9167433264946
  y: 104.08284069535891
  z: 1314.6542082019423
  yaw: -137.26141
  pitch: 15.15
ip-address: 127.0.0.1
last-account-name: HinataYT
